# This file may be used to create an environment using:
# $ conda create --name <env> --file <this file>
# platform: linux-64
_libgcc_mutex=0.1=main
_openmp_mutex=4.5=1_gnu
astropy=4.3.1=pypi_0
astroquery=0.4.3=pypi_0
beautifulsoup4=4.9.3=pypi_0
boost=1.74.0=py37h6dcda5c_3
boost-cpp=1.74.0=h312852a_4
bzip2=1.0.8=h7f98852_4
c-ares=1.17.1=h27cfd23_0
ca-certificates=2021.5.30=ha878542_0
certifi=2021.5.30=py37h89c1867_0
cffi=1.14.6=pypi_0
charset-normalizer=2.0.4=pypi_0
cryptography=3.4.8=pypi_0
expat=2.4.1=h9c3ff4c_0
gct=6.2.1550507116=h8cfc5f6_2
greenlet=1.1.1=pypi_0
gsoap_abi=2.8.110=ha770c72_0
htcondor-classads=9.1.2=hd3c618e_0
html5lib=1.1=pypi_0
humanize=3.11.0=pypi_0
icu=68.1=h58526e2_0
idna=3.2=pypi_0
importlib-metadata=4.8.1=pypi_0
jeepney=0.7.1=pypi_0
keyring=23.1.0=pypi_0
krb5=1.19.2=hcc1bbae_0
ld_impl_linux-64=2.35.1=h7274673_9
libblas=3.9.0=11_linux64_openblas
libcblas=3.9.0=11_linux64_openblas
libcondor_utils=9.1.2=h6d110fb_0
libcurl=7.78.0=h2574ce0_0
libedit=3.1.20191231=he28a2e2_2
libev=4.33=h516909a_1
libffi=3.3=he6710b0_2
libgcc-ng=9.3.0=h5101ec6_17
libgfortran-ng=11.1.0=h69a702a_8
libgfortran5=11.1.0=h6c583b3_8
libgomp=9.3.0=h5101ec6_17
liblapack=3.9.0=11_linux64_openblas
libnghttp2=1.43.0=h812cca2_0
libopenblas=0.3.17=pthreads_h8fe5266_1
libssh2=1.9.0=ha56f1ee_6
libstdcxx-ng=9.3.0=hd4cf53a_17
libtool=2.4.6=h58526e2_1007
libuuid=2.32.1=h7f98852_1000
lz4-c=1.9.3=h9c3ff4c_1
mimeparse=0.1.3=pypi_0
munge=0.5.13=h1a52d62_0
ncurses=6.2=he6710b0_1
numpy=1.20.3=py37h038b26d_1
openssl=1.1.1k=h7f98852_0
pandas=1.3.2=pypi_0
pcre=8.45=h9c3ff4c_0
perl=5.32.1=0_h7f98852_perl5
pip=21.0.1=py37h06a4308_0
psycopg2-binary=2.9.1=pypi_0
pycparser=2.20=pypi_0
pyerfa=2.0.0=pypi_0
python=3.7.11=h12debd9_0
python-dateutil=2.8.2=pypi_0
python-htcondor=9.1.2=py37hc611094_0
python_abi=3.7=2_cp37m
pytz=2021.1=pypi_0
pyvo=1.1=pypi_0
readline=8.1=h27cfd23_0
requests=2.26.0=pypi_0
scitokens-cpp=0.6.2=h8cfc780_1
secretstorage=3.3.1=pypi_0
setuptools=52.0.0=py37h06a4308_0
six=1.16.0=pypi_0
soupsieve=2.2.1=pypi_0
spiceypy=4.0.2=pypi_0
sqlalchemy=1.4.23=pypi_0
sqlite=3.36.0=hc218d9a_0
tk=8.6.10=hbc83047_0
typing-extensions=3.10.0.2=pypi_0
urllib3=1.26.6=pypi_0
voms=2.1.0rc0=h441846d_2
webencodings=0.5.1=pypi_0
wheel=0.37.0=pyhd3eb1b0_0
xz=5.2.5=h7b6447c_0
zipp=3.5.0=pypi_0
zlib=1.2.11=h7b6447c_3
zstd=1.5.0=ha95c52a_0
